camera_matrix:
- - 72.5826021010178
  - 0.0
  - 239.49999999711682
- - 0.0
  - 472.950162927526
  - 319.50000000065614
- - 0.0
  - 0.0
  - 1.0
dist_coeff:
- - -2.3498788609523988e-11
  - -1.3319285550247051e-11
  - 5.71031390503391e-13
  - 3.616239942278947e-12
  - 9.965315640306084e-12
