camera_matrix:
- - 566.819331765549
  - 0.0
  - 239.49999993211605
- - 0.0
  - 727.6248216540239
  - 319.5000001133608
- - 0.0
  - 0.0
  - 1.0
dist_coeff:
- - -6.897246498840559e-10
  - -2.036768639342614e-09
  - 1.0246178538841805e-09
  - 7.211838360870357e-11
  - -1.7632058254667349e-09
